[gd_scene load_steps=11 format=2]

[ext_resource path="res://Players/2.5D_Character.gd" type="Script" id=1]
[ext_resource path="res://Players/Statusin3D.gd" type="Script" id=2]

[sub_resource type="CapsuleShape" id=1]
radius = 0.5

[sub_resource type="CylinderMesh" id=3]
top_radius = 0.5
bottom_radius = 0.5
height = 1.5

[sub_resource type="SphereMesh" id=4]
radius = 0.5
height = 0.5
is_hemisphere = true

[sub_resource type="PrismMesh" id=5]
left_to_right = 0.0
size = Vector3( 0.5, 0.5, 0.1 )

[sub_resource type="ViewportTexture" id=6]
viewport_path = NodePath("Statusin3D/Viewport")

[sub_resource type="SpatialMaterial" id=7]
resource_local_to_scene = true
albedo_color = Color( 1, 1, 1, 0 )
albedo_texture = SubResource( 6 )

[sub_resource type="QuadMesh" id=8]

[sub_resource type="BoxShape" id=2]
extents = Vector3( 0.5, 0.1, 0.5 )

[node name="Character" type="KinematicBody"]
script = ExtResource( 1 )

[node name="Collision" type="Area" parent="."]

[node name="Body" type="CollisionShape" parent="Collision"]
transform = Transform( 1, 0, 0, 0, -4.37114e-08, -1, 0, 1, -4.37114e-08, 0, 1, 0 )
shape = SubResource( 1 )

[node name="Pivot" type="Spatial" parent="."]
transform = Transform( 1, 0, 0, 0, 0.719542, 0.694448, 0, -0.694448, 0.719542, 0, 4.61492, 1.94731 )

[node name="Camera" type="Camera" parent="Pivot"]
transform = Transform( 1, 0, 0, 0, 1, -2.98023e-08, 0, 2.98023e-08, 1, 0, 0, 5.065 )

[node name="MeshInstance" type="MeshInstance" parent="."]
transform = Transform( 1, 0, 0, 0, 1, 0, 0, 0, 1, 0, 0.75, 0 )
mesh = SubResource( 3 )
material/0 = null

[node name="MeshInstance2" type="MeshInstance" parent="."]
transform = Transform( 1, 0, 0, 0, 1, 0, 0, 0, 1, 0, 1.5, 0 )
mesh = SubResource( 4 )
material/0 = null

[node name="MeshInstance3" type="MeshInstance" parent="."]
transform = Transform( -0.707107, 0.707107, 3.09086e-08, 0, -4.37114e-08, 1, 0.707107, 0.707107, 3.09086e-08, 0, 1.75, -0.5 )
mesh = SubResource( 5 )
material/0 = null

[node name="Statusin3D" type="Spatial" parent="."]
script = ExtResource( 2 )

[node name="Viewport" type="Viewport" parent="Statusin3D"]
size = Vector2( 100, 100 )
own_world = true
transparent_bg = true
render_target_v_flip = true

[node name="Status" type="Label" parent="Statusin3D/Viewport"]
use_parent_material = true
margin_right = 56.0
margin_bottom = 14.0
text = "You're it!"
align = 3

[node name="TagMesh" type="MeshInstance" parent="Statusin3D"]
transform = Transform( 0.999779, 0.0171572, -0.0121751, 0.00943659, 0.151516, 0.988409, 0.018803, -0.988306, 0.151321, 0, 2.03718, -1.3844 )
material_override = SubResource( 7 )
mesh = SubResource( 8 )
material/0 = null

[node name="Feet" type="CollisionShape" parent="."]
transform = Transform( 1, 0, 0, 0, 1, 0, 0, 0, 1, 0, 0.2, 0 )
shape = SubResource( 2 )
[connection signal="body_entered" from="Collision" to="." method="_on_Collision_body_entered"]
